0 0
10 0
20 610
30 0
40 0
50 0
60 420
70 0
80 0
90 0
100 0
110 0
120 0
130 1006
140 0
150 0
160 0
170 0
180 0
190 560
200 0
210 0
220 0
230 965
240 0
250 0
260 448
270 0
280 0
290 999
300 0
310 0
320 1039
330 0
340 0
350 998
360 0
370 953
380 451
390 0
400 0
410 993
420 0
430 0
440 0
450 0
460 150
470 0
480 0
490 969
500 697
510 0
520 503
530 494
540 0
550 997
560 0
570 0
580 900
590 701
600 0
610 998
620 0
630 1006
640 998
650 1001
660 0
670 995
680 420
690 996
700 0
710 0
720 895
730 998
740 996
750 998
760 997
770 1036
780 958
790 0
800 0
810 0
820 997
830 1315
840 680
850 1570
860 1003
870 998
880 997
890 998
900 996
910 998
920 677
930 730
940 968
950 1512
960 960
970 1028
980 963
990 1170
1000 821
1010 1001
1020 996
1030 995
1040 999
1050 996
1060 1996
1070 1037
1080 995
1090 1004
1100 1951
1110 785
1120 1234
1130 1029
1140 1001
1150 996
1160 1434
1170 995
1180 1000
1190 2040
1200 995
1210 998
1220 2034
1230 1000
1240 991
1250 2001
1260 984
1270 2045
1280 959
1290 998
1300 992
1310 1048
1320 1359
1330 1524
1340 995
1350 1002
1360 1951
1370 1046
1380 1992
1390 998
1400 1948
1410 2045
1420 1991
1430 998
1440 1942
1450 1571
1460 2002
1470 1001
1480 1995
1490 570
1500 966
1510 2482
1520 791
1530 1995
1540 2042
1550 990
1560 1003
1570 1588
1580 1183
1590 1814
1600 1945
1610 2040
1620 1779
1630 1887
1640 2015
1650 1966
1660 2047
1670 1946
1680 1980
1690 1897
1700 2046
1710 2004
1720 1970
1730 2007
1740 1945
1750 2033
1760 2004
1770 2030
1780 1881
1790 1334
1800 1992
1810 2036
1820 1844
1830 958
1840 998
1850 997
1860 2044
1870 907
1880 1024
1890 1016
1900 949
1910 1221
1920 772
1930 1047
1940 996
1950 997
1960 999
1970 996
1980 1488
1990 1225
2000 1227
2010 1048
2020 997
2030 1260
2040 686
2050 1027
2060 1018
2070 995
2080 986
2090 2007
2100 949
2110 1032
2120 997
2130 1013
2140 995
2150 1931
2160 953
2170 1043
2180 1003
2190 997
2200 1995
2210 997
2220 958
2230 987
2240 1033
2250 2014
2260 1047
2270 995
2280 1423
2290 1036
2300 985
2310 1018
2320 1984
2330 968
2340 1034
2350 1947
2360 998
2370 1994
2380 1761
2390 543
2400 2078
2410 1877
2420 1994
2430 2195
2440 1793
2450 1742
2460 1804
2470 1994
2480 1994
2490 1996
2500 1993
2510 2069
2520 1921
2530 1995
2540 1994
2550 1889
2560 1997
2570 2088
2580 1902
2590 1994
2600 2074
2610 1994
2620 1994
2630 1995
2640 1995
2650 1998
2660 1888
2670 1997
2680 1993
2690 1995
2700 1994
2710 1995
2720 1995
2730 1996
2740 1606
2750 1993
2760 1995
2770 1995
2780 1994
2790 1995
2800 2067
2810 1924
2820 1993
2830 997
2840 1961
2850 1982
2860 997
2870 1994
2880 1995
2890 997
2900 1995
2910 1998
2920 2025
2930 1998
2940 1991
2950 1996
2960 1996
2970 1997
2980 1992
2990 1804
3000 3029
3010 1963
3020 2016
3030 3000
3040 1959
3050 1625
3060 2947
3070 2031
3080 2420
3090 1980
3100 1995
3110 1993
3120 2556
3130 2439
3140 2015
3150 1995
3160 2992
3170 1960
3180 3026
3190 1998
3200 2688
3210 1951
3220 2963
3230 1658
3240 3097
3250 2174
3260 2016
3270 1953
3280 2031
3290 1600
3300 1995
3310 2952
3320 1994
3330 2996
3340 1993
3350 1994
3360 2992
3370 1995
3380 2992
3390 2992
3400 1995
3410 2991
3420 2992
3430 1901
3440 2520
3450 1993
3460 2993
3470 2589
3480 2950
3490 1995
3500 1995
3510 2989
3520 3176
3530 2811
3540 2071
3550 2492
3560 1994
3570 2992
3580 2674
3590 2950
3600 2992
3610 2992
3620 1994
3630 1994
3640 2127
3650 1863
3660 1993
3670 1995
3680 2513
3690 1476
3700 1994
3710 2173
3720 1817
3730 1994
3740 1995
3750 1995
3760 1995
3770 1994
3780 1995
3790 1994
3800 2049
3810 2938
3820 1995
3830 1994
3840 1995
3850 1509
3860 1995
3870 2106
3880 1883
3890 2057
3900 2755
3910 1995
3920 1994
3930 1995
3940 1995
3950 1995
3960 2581
3970 1408
3980 1996
3990 1992
4000 1995
4010 2992
4020 2178
4030 1812
4040 1993
4050 1995
4060 2993
4070 1994
4080 1995
4090 1508
4100 1994
4110 1995
4120 2068
4130 1994
4140 1995
4150 2992
4160 2053
4170 2933
4180 1995
4190 1995
4200 2120
4210 2468
4220 1996
4230 3161
4240 3035
4250 3949
4260 3094
4270 3028
4280 4102
4290 3034
4300 2992
4310 2992
4320 4180
4330 3285
4340 2992
4350 2993
4360 2997
4370 3878
4380 3026
4390 2992
4400 4103
4410 3121
4420 3412
4430 2923
4440 2992
4450 2992
4460 3104
4470 3019
4480 2992
4490 2994
4500 2992
4510 1998
4520 2989
4530 2993
4540 1998
4550 2992
4560 2080
4570 2036
4580 2473
4590 2034
4600 1993
4610 2020
4620 2992
4630 1995
4640 2992
4650 1955
4660 3031
4670 2951
4680 1930
4690 3001
4700 1995
4710 2956
4720 2416
4730 2997
4740 3074
4750 2601
4760 2022
4770 1991
4780 2996
4790 2992
4800 1990
4810 3076
4820 2912
4830 1991
4840 2996
4850 2992
4860 1990
4870 1996
4880 2991
4890 2087
4900 2076
4910 2912
4920 2991
4930 2001
4940 2987
4950 2990
4960 2245
4970 1995
4980 2992
4990 2992
5000 1995
5010 2549
5020 1996
5030 1995
5040 2991
5050 2577
5060 2994
5070 3001
5080 2866
5090 2965
5100 1997
5110 1992
5120 2981
5130 3006
5140 2991
5150 3075
5160 2912
5170 1992
5180 1995
5190 2982
5200 3001
5210 2992
5220 2992
5230 2989
5240 2997
5250 2952
5260 3021
5270 3001
5280 2993
5290 2072
5300 1979
5310 2959
5320 3119
5330 2898
5340 3011
5350 2987
5360 2990
5370 2986
5380 2997
5390 2944
5400 3041
5410 2989
5420 2994
5430 3007
5440 2993
5450 3079
5460 3038
5470 2988
5480 3975
5490 3009
5500 2992
5510 3068
5520 3914
5530 2991
5540 3081
5550 2858
5560 3024
5570 3517
5580 2971
5590 3031
5600 2720
5610 3031
5620 3427
5630 2675
5640 2991
5650 2990
5660 3088
5670 2953
5680 3031
5690 3948
5700 3486
5710 2538
5720 2980
5730 3039
5740 2994
5750 2988
5760 3995
5770 2991
5780 3940
5790 3040
5800 4038
5810 2944
5820 3941
5830 3043
5840 3986
5850 2995
5860 3988
5870 3173
5880 2791
5890 2989
5900 2994
5910 2974
5920 4021
5930 3038
5940 3991
5950 2976
5960 4011
5970 2957
5980 3076
5990 3912
6000 2941
6010 4050
6020 2990
6030 2990
6040 3046
6050 3985
6060 3008
6070 4036
6080 2974
6090 2686
6100 2967
6110 4037
6120 3059
6130 2990
6140 3980
6150 4004
6160 3272
6170 3224
6180 3962
6190 3125
6200 3396
6210 2824
6220 3071
6230 3956
6240 2992
6250 3026
6260 4006
6270 3848
6280 4008
6290 2944
6300 3089
6310 3943
6320 3990
6330 3945
6340 3036
6350 2995
6360 4106
6370 4154
6380 2764
6390 2953
6400 3987
6410 3987
6420 3992
6430 4082
6440 2957
6450 2986
6460 2683
6470 2994
6480 2993
6490 4401
6500 3986
6510 3979
6520 3007
6530 2876
6540 3279
6550 3996
6560 4021
6570 4036
6580 3992
6590 4073
6600 4016
6610 3876
6620 3265
6630 2989
6640 3044
6650 3044
6660 2990
6670 3670
6680 3998
6690 3270
6700 3646
6710 4618
6720 4092
6730 3731
6740 4563
6750 4984
6760 5026
6770 4961
6780 5085
6790 3889
6800 4392
6810 3990
6820 3568
6830 3989
6840 4552
6850 4000
6860 4978
6870 3989
6880 3990
6890 3836
6900 3989
6910 4161
6920 3818
6930 4987
6940 4113
6950 3865
6960 5047
6970 3988
6980 3990
6990 3050
7000 3990
7010 3989
7020 3989
7030 4045
7040 4188
7050 3845
7060 3989
7070 4987
7080 3989
7090 3989
7100 4987
7110 3989
7120 3989
7130 3989
7140 3989
7150 3989
7160 3989
7170 3989
7180 4988
7190 4545
7200 3989
7210 3581
7220 4965
7230 3990
7240 4107
7250 3875
7260 4272
7270 4989
7280 4655
7290 5595
7300 5985
7310 5943
7320 6332
7330 5049
7340 5984
7350 5943
7360 6031
7370 5978
7380 5985
7390 5984
7400 5986
7410 6106
7420 5859
7430 4988
7440 5987
7450 4871
7460 3988
7470 5137
7480 3840
7490 4066
7500 3905
7510 3989
7520 3988
7530 3972
7540 4238
7550 3994
7560 4070
7570 3908
7580 3938
7590 4041
7600 3986
7610 3994
7620 3940
7630 5139
7640 3889
7650 4984
7660 3779
7670 4108
7680 3993
7690 4727
7700 4280
7710 4697
7720 3960
7730 3986
7740 5036
7750 4043
7760 4104
7770 4823
7780 4122
7790 3905
7800 4986
7810 3993
7820 3988
7830 3992
7840 4002
7850 4075
7860 3903
7870 4184
7880 3710
7890 4987
7900 3987
7910 4200
7920 3980
7930 4206
7940 3988
7950 5067
7960 4006
7970 4894
7980 3984
7990 3988
8000 3995
8010 5086
8020 3892
8030 4982
8040 3797
8050 3990
8060 3901
8070 3987
8080 4138
8090 3893
8100 4968
8110 4005
8120 4091
8130 2881
8140 2992
8150 3070
8160 2913
8170 2995
8180 2992
8190 1992
8200 2994
8210 2992
8220 1953
8230 3133
8240 1892
8250 2993
8260 1994
8270 2954
8280 3032
8290 1996
8300 2990
8310 3125
8320 1910
8330 2990
8340 1993
8350 1993
8360 2999
8370 2996
8380 1990
8390 2075
8400 2991
8410 1959
8420 2075
8430 2993
8440 1996
8450 3072
8460 2992
8470 2914
8480 1998
8490 1991
8500 2993
8510 2072
8520 1995
8530 3560
8540 1997
8550 3031
8560 2992
8570 1865
8580 2992
8590 2955
8600 2205
8610 1997
8620 2987
8630 2994
8640 1995
8650 3105
8660 2879
8670 1993
8680 2133
8690 2854
8700 2992
8710 2989
8720 1997
8730 1995
8740 3074
8750 2985
8760 2916
8770 1995
8780 2992
8790 2992
8800 2993
8810 1998
8820 1995
8830 2993
8840 2993
8850 2990
8860 2994
8870 1975
8880 1993
8890 3542
8900 3030
8910 3074
8920 2871
8930 2935
8940 3032
8950 3025
8960 2993
8970 3025
8980 2989
8990 3024
9000 3194
9010 2935
9020 2806
9030 2995
9040 2636
9050 3278
9060 2562
9070 3067
9080 3025
9090 2990
9100 2992
9110 2992
9120 3868
9130 3071
9140 3183
9150 2888
9160 3478
9170 3547
9180 2948
9190 2989
9200 3958
9210 3025
9220 2987
9230 2998
9240 2991
9250 2958
9260 2786
9270 2584
9280 2995
9290 3061
9300 2922
9310 2989
9320 2962
9330 2993
9340 2990
9350 3041
9360 3995
9370 3990
9380 3022
9390 3957
9400 3990
9410 4026
9420 3954
9430 3512
9440 3990
9450 4012
9460 3993
9470 4982
9480 4988
9490 4755
9500 4352
9510 3990
9520 3989
9530 4030
9540 3950
9550 3987
9560 5073
9570 3986
9580 4050
9590 4924
9600 3991
9610 3988
9620 3988
9630 4986
9640 3988
9650 4987
9660 5019
9670 4327
9680 4736
9690 4867
9700 3993
9710 4023
9720 4951
9730 5093
9740 3812
9750 4776
9760 4746
9770 4986
9780 4028
9790 4948
9800 3526
9810 4007
9820 3023
9830 3991
9840 3989
9850 4038
9860 2987
9870 2992
9880 3988
9890 2997
9900 3151
9910 2992
9920 3156
9930 2829
9940 2992
9950 2992
9960 3989
9970 2992
9980 2960
9990 3016
