0 0 0 0
10 0 0 0
20 0 0 0
30 0 0 0
40 1 0 0
50 1 0 0.2
60 2 1 1
70 2 1 1.2
80 3 2 1.6
90 4 2 2.2
100 4 3 3.2
110 5 3 3.6
120 6 4 4.4
130 7 4 5.2
140 8 5 6.2
150 8 6 7.4
160 9 7 7.6
170 10 8 8.8
180 11 9 9.8
190 12 10 10.8
200 14 11 12.4
210 15 12 13.2
220 16 13 14.6
230 18 15 15.8
240 18 16 16.8
250 20 17 17.8
260 21 19 19.4
270 23 20 21.8
280 24 22 22.4
290 25 23 24.6
300 27 25 25.8
310 28 26 27
320 31 28 28.8
330 33 29 30.4
340 33 32 32.4
350 36 33 34
360 39 35 35.8
370 40 37 37.6
380 43 39 39.6
390 43 42 42.6
400 45 43 44.2
410 48 46 46.2
420 48 47 48.4
430 51 49 50.4
440 54 52 53.2
450 56 55 55
460 58 56 56.8
470 61 60 59.8
480 64 62 69.8
490 62 61 61.4
500 64 64 62.2
510 67 66 71.6
520 71 69 68.6
530 73 71 71.4
540 76 74 74.6
550 77 77 75.4
560 79 80 78.2
570 82 82 80.8
580 85 85 83.6
590 87 88 86.2