1 2e-06
11 1e-06
21 1e-06
31 1e-06
41 2e-06
51 1e-06
61 1e-06
71 1e-06
81 1e-06
91 2e-06
101 1e-06
111 2e-06
121 1e-06
131 1e-06
141 2e-06
151 2e-06
161 1e-06
171 2e-06
181 1e-06
191 2e-06
201 2e-06
211 2e-06
221 2e-06
231 2e-06
241 3e-06
251 2e-06
261 2e-06
271 2e-06
281 3e-06
291 3e-06
301 3e-06
311 3e-06
321 3e-06
331 3e-06
341 3e-06
351 3e-06
361 3e-06
371 2e-06
381 2e-06
391 3e-06
401 2e-06
411 3e-06
421 3e-06
431 3e-06
441 3e-06
451 3e-06
461 3e-06
471 3e-06
481 3e-06
491 3e-06
501 3e-06
511 3e-06
521 3e-06
531 4e-06
541 3e-06
551 3e-06
561 3e-06
571 3e-06
581 4e-06
591 7e-06
601 3e-06
611 3e-06
621 4e-06
631 4e-06
641 3e-06
651 4e-06
661 4e-06
671 4e-06
681 4e-06
691 4e-06
701 4e-06
711 4e-06
721 4e-06
731 4e-06
741 4e-06
751 4e-06
761 4e-06
771 4e-06
781 4e-06
791 5e-06
801 4e-06
811 5e-06
821 4e-06
831 5e-06
841 5e-06
851 4e-06
861 5e-06
871 5e-06
881 5e-06
891 5e-06
901 5e-06
911 5e-06
921 5e-06
931 4e-06
941 5e-06
951 5e-06
961 5e-06
971 5e-06
981 5e-06
991 5e-06
1001 5e-06
1011 5e-06
1021 5e-06
1031 5e-06
1041 5e-06
1051 1.5e-05
1061 4e-06
1071 5e-06
1081 4e-06
1091 4e-06
1101 4e-06
1111 4e-06
1121 4e-06
1131 4e-06
1141 5e-06
1151 1.2e-05
1161 5e-06
1171 6e-06
1181 1.3e-05
1191 5e-06
1201 6e-06
1211 6e-06
1221 6e-06
1231 6e-06
1241 6e-06
1251 6e-06
1261 6e-06
1271 6e-06
1281 6e-06
1291 6e-06
1301 6e-06
1311 6e-06
1321 6e-06
1331 6e-06
1341 6e-06
1351 6e-06
1361 7e-06
1371 7e-06
1381 7e-06
1391 7e-06
1401 7e-06
1411 7e-06
1421 7e-06
1431 6e-06
1441 7e-06
1451 7e-06
1461 7e-06
1471 6e-06
1481 6e-06
1491 7e-06
1501 7e-06
1511 7e-06
1521 7e-06
1531 5e-06
1541 6e-06
1551 6e-06
1561 5e-06
1571 6e-06
1581 6e-06
1591 5e-06
1601 6e-06
1611 5e-06
1621 6e-06
1631 6e-06
1641 6e-06
1651 7e-06
1661 7e-06
1671 7e-06
1681 2.3e-05
1691 8e-06
1701 8e-06
1711 7e-06
1721 8e-06
1731 8e-06
1741 7e-06
1751 8e-06
1761 8e-06
1771 9e-06
1781 7e-06
1791 8e-06
1801 9e-06
1811 8e-06
1821 8e-06
1831 9e-06
1841 9e-06
1851 9e-06
1861 9e-06
1871 9e-06
1881 9e-06
1891 8e-06
1901 9e-06
1911 9e-06
1921 8e-06
1931 9e-06
1941 9e-06
1951 8e-06
1961 8e-06
1971 9e-06
1981 9e-06
1991 1.8e-05
2001 7e-06
2011 7e-06
2021 7e-06
2031 7e-06
2041 7e-06
2051 7e-06
2061 7e-06
2071 8e-06
2081 7e-06
2091 7e-06
2101 9e-06
2111 1e-05
2121 1e-05
2131 9e-06
2141 1e-05
2151 1e-05
2161 1e-05
2171 1e-05
2181 1e-05
2191 1e-05
2201 1.5e-05
2211 1e-05
2221 1e-05
2231 1e-05
2241 1e-05
2251 1e-05
2261 1e-05
2271 1e-05
2281 9e-06
2291 7e-06
2301 8e-06
2311 8e-06
2321 8e-06
2331 8e-06
2341 8e-06
2351 8e-06
2361 8e-06
2371 8e-06
2381 8e-06
2391 9e-06
2401 9e-06
2411 8e-06
2421 9e-06
2431 9e-06
2441 9e-06
2451 4.2e-05
2461 1.1e-05
2471 9e-06
2481 8e-06
2491 9e-06
2501 8e-06
2511 8e-06
2521 8e-06
2531 9e-06
2541 9e-06
2551 8e-06
2561 8e-06
2571 9e-06
2581 9e-06
2591 1.1e-05
2601 1.1e-05
2611 1.2e-05
2621 1.2e-05
2631 1.1e-05
2641 1.2e-05
2651 1.2e-05
2661 1.1e-05
2671 1.2e-05
2681 1.2e-05
2691 1.2e-05
2701 1.2e-05
2711 1.2e-05
2721 1.2e-05
2731 1.2e-05
2741 1.2e-05
2751 1.3e-05
2761 1.3e-05
2771 1.2e-05
2781 1.2e-05
2791 1.2e-05
2801 1.2e-05
2811 1.2e-05
2821 1.2e-05
2831 1.3e-05
2841 1.2e-05
2851 1.3e-05
2861 1.3e-05
2871 1.3e-05
2881 1.3e-05
2891 1.2e-05
2901 1.3e-05
2911 1.3e-05
2921 1.3e-05
2931 1.3e-05
2941 2.8e-05
2951 1.2e-05
2961 1.3e-05
2971 1.4e-05
2981 1.3e-05
2991 1.3e-05
3001 1.3e-05
3011 1.3e-05
3021 1.4e-05
3031 1.4e-05
3041 1.4e-05
3051 1.4e-05
3061 1.3e-05
3071 1.3e-05
3081 1.4e-05
3091 1.4e-05
3101 1.3e-05
3111 2.2e-05
3121 1.3e-05
3131 1.4e-05
3141 1.4e-05
3151 1.4e-05
3161 1.3e-05
3171 1.5e-05
3181 1.4e-05
3191 1.4e-05
3201 1.4e-05
3211 1.4e-05
3221 1.5e-05
3231 2e-05
3241 1.4e-05
3251 1.4e-05
3261 1.4e-05
3271 1.4e-05
3281 1.4e-05
3291 1.4e-05
3301 1.4e-05
3311 1.4e-05
3321 1.5e-05
3331 1.5e-05
3341 3.1e-05
3351 1.3e-05
3361 1.4e-05
3371 1.5e-05
3381 1.4e-05
3391 1.5e-05
3401 1.5e-05
3411 1.5e-05
3421 1.4e-05
3431 1.5e-05
3441 1.5e-05
3451 1.5e-05
3461 1.5e-05
3471 1.5e-05
3481 1.5e-05
3491 1.5e-05
3501 1.4e-05
3511 2.2e-05
3521 1.5e-05
3531 1.5e-05
3541 1.5e-05
3551 1.5e-05
3561 1.5e-05
3571 1.5e-05
3581 1.5e-05
3591 1.5e-05
3601 1.5e-05
3611 1.7e-05
3621 1.5e-05
3631 1.6e-05
3641 1.6e-05
3651 1.5e-05
3661 1.6e-05
3671 1.6e-05
3681 1.6e-05
3691 1.6e-05
3701 1.5e-05
3711 1.6e-05
3721 1.6e-05
3731 1.6e-05
3741 1.6e-05
3751 1.5e-05
