1 2.6e-05
11 3e-06
21 1e-06
31 1e-06
41 1e-06
51 1e-06
61 2e-06
71 2e-06
81 2e-06
91 1e-06
101 1e-06
111 2e-06
121 1e-06
131 1e-06
141 1e-06
151 1e-06
161 1e-06
171 1e-06
181 1e-06
191 1e-06
201 1e-06
211 1e-06
221 1e-06
231 1e-06
241 1e-06
251 1e-06
261 1e-06
271 1e-06
281 1e-06
291 1e-06
301 1e-06
311 0
321 1e-06
331 1e-06
341 1e-06
351 1e-06
361 1e-06
371 1e-06
381 1e-06
391 1e-06
401 1e-06
411 1e-06
421 1e-06
431 1e-06
441 1e-06
451 1e-06
461 1e-06
471 1e-06
481 1e-06
491 1e-06
501 1e-06
511 1e-06
521 1e-06
531 1e-06
541 1e-06
551 1e-06
561 1e-06
571 1e-06
581 1e-06
591 1e-06
601 1e-06
611 1e-06
621 1e-06
631 1e-06
641 1e-06
651 1e-06
661 1e-06
671 1e-06
681 1e-06
691 1e-06
701 1e-06
711 1e-06
721 1e-06
731 1e-06
741 1e-06
751 1e-06
761 1e-06
771 1e-06
781 1e-06
791 1e-06
801 1e-06
811 1e-06
821 1e-06
831 1e-06
841 2e-06
851 1e-06
861 1e-06
871 1e-06
881 1e-06
891 1e-06
901 1e-06
911 1e-06
921 1e-06
931 1e-06
941 1e-06
951 2e-06
961 1e-06
971 2e-06
981 2e-06
991 1e-06
1001 1e-06
1011 1e-06
1021 1e-06
1031 1e-06
1041 1e-06
1051 1e-06
1061 1e-06
1071 2e-06
1081 1e-06
1091 1e-06
1101 1e-06
1111 1e-06
1121 1e-06
1131 1e-06
1141 1e-06
1151 1e-06
1161 2e-06
1171 1e-06
1181 1e-06
1191 2e-06
1201 1e-06
1211 2e-06
1221 1e-06
1231 1e-06
1241 1e-06
1251 1e-06
1261 1e-06
1271 1e-06
1281 1e-06
1291 1e-06
1301 2e-06
1311 2e-06
1321 1e-06
1331 1e-06
1341 1e-06
1351 1e-06
1361 2e-06
1371 1e-06
1381 2e-06
1391 1e-06
1401 2e-06
1411 2e-06
1421 1e-06
1431 1e-06
1441 1e-06
1451 2e-06
1461 1e-06
1471 2e-06
1481 2e-06
1491 1e-06
1501 2e-06
1511 1e-06
1521 1e-06
1531 1e-06
1541 1e-06
1551 1e-06
1561 1e-06
1571 1e-06
1581 1e-06
1591 2e-06
1601 1e-06
1611 1e-06
1621 1e-06
1631 1e-06
1641 1e-06
1651 1e-06
1661 1e-06
1671 1e-06
1681 2e-06
1691 6e-06
1701 1e-06
1711 2e-06
1721 1e-06
1731 1e-06
1741 1e-06
1751 1e-06
1761 1e-06
1771 1e-06
1781 1e-06
1791 1e-06
1801 2e-06
1811 1e-06
1821 1e-06
1831 2e-06
1841 1e-06
1851 1e-06
1861 2e-06
1871 2e-06
1881 1e-06
1891 2e-06
1901 2e-06
1911 1e-06
1921 1e-06
1931 1e-06
1941 2e-06
1951 1e-06
1961 2e-06
1971 1e-06
1981 1e-06
1991 1e-06
2001 1e-06
2011 2e-06
2021 2e-06
2031 1e-06
2041 1e-06
2051 1e-06
2061 1e-06
2071 1e-06
2081 1e-06
2091 2e-06
2101 1e-06
2111 1e-06
2121 1e-06
2131 1e-06
2141 1e-06
2151 1e-06
2161 2e-06
2171 1e-06
2181 1e-06
2191 1e-06
2201 1e-06
2211 2e-06
2221 2e-06
2231 2e-06
2241 1e-06
2251 2e-06
2261 2e-06
2271 2e-06
2281 2e-06
2291 1e-06
2301 1e-06
2311 1e-06
2321 1e-06
2331 2e-06
2341 1e-06
2351 1e-06
2361 1e-06
2371 4.3e-05
2381 1e-06
2391 2e-06
2401 1e-06
2411 1e-06
2421 1e-06
2431 1e-06
2441 2e-06
2451 1e-06
2461 2e-06
2471 1e-06
2481 1e-06
2491 2e-06
2501 1e-06
2511 1e-06
2521 1e-06
2531 1e-06
2541 1e-06
2551 1e-06
2561 2e-06
2571 1e-06
2581 2e-06
2591 2e-06
2601 1e-06
2611 2e-06
2621 1e-06
2631 1e-06
2641 2e-06
2651 1e-06
2661 2e-06
2671 1e-06
2681 1e-06
2691 1e-06
2701 2e-06
2711 1e-06
2721 2e-06
2731 1e-06
2741 1e-06
2751 1e-06
2761 2e-06
2771 2e-06
2781 1e-06
2791 1e-06
2801 2e-06
2811 1e-06
2821 1e-06
2831 1e-06
2841 1e-06
2851 1e-06
2861 1e-06
2871 1e-06
2881 1e-06
2891 2e-06
2901 1e-06
2911 2e-06
2921 1e-06
2931 1e-06
2941 1e-06
2951 1e-06
2961 1e-06
2971 1e-06
2981 1e-06
2991 1e-06
3001 1e-06
3011 1e-06
3021 1e-06
3031 2e-06
3041 2e-06
3051 1e-06
3061 1e-06
3071 1e-06
3081 1e-06
3091 1e-06
3101 1e-06
3111 1e-06
3121 1e-06
3131 2e-06
3141 1e-06
3151 1e-06
3161 1e-06
3171 2e-06
3181 1e-06
3191 1e-06
3201 1e-06
3211 1e-06
3221 1e-06
3231 1e-06
3241 1e-06
3251 1e-06
3261 1e-06
3271 1e-06
3281 2e-06
3291 1e-06
3301 1e-06
3311 2e-06
3321 1e-06
3331 1e-06
3341 2e-06
3351 1e-06
3361 1e-06
3371 1e-06
3381 1e-06
3391 1e-06
3401 1e-06
3411 1e-06
3421 1e-06
3431 1e-06
3441 1e-06
3451 1e-06
3461 2e-06
3471 1e-06
3481 2e-06
3491 1e-06
3501 2e-06
3511 1e-06
3521 1e-06
3531 6e-06
3541 1e-06
3551 1e-06
3561 1e-06
3571 1e-06
3581 2e-06
3591 1e-06
3601 1e-06
3611 1e-06
3621 1e-06
3631 1e-06
3641 1e-06
3651 1e-06
3661 1e-06
3671 1e-06
3681 1e-06
3691 1e-06
3701 1e-06
3711 1e-06
3721 1e-06
3731 1e-06
3741 1e-06
3751 2e-06
3761 1e-06
3771 1e-06
3781 1e-06
3791 2e-06
3801 1e-06
3811 1e-06
3821 1e-06
3831 2e-06
3841 1e-06
3851 2e-06
3861 2e-06
3871 1e-06
3881 1e-06
3891 1e-06
3901 1e-06
3911 1e-06
3921 1e-06
3931 1e-06
3941 1e-06
3951 1e-06
3961 1e-06
3971 1e-06
3981 1e-06
3991 1e-06
4001 1e-06
4011 1e-06
4021 1e-06
4031 1e-06
4041 1e-06
4051 1e-06
4061 1e-06
4071 1e-06
4081 1e-06
4091 1e-06
4101 1e-06
4111 1e-06
4121 1e-06
4131 2e-06
4141 1e-06
4151 1e-06
4161 1e-06
4171 1e-06
4181 2e-06
4191 2e-06
4201 1e-06
4211 2e-06
4221 1e-06
4231 1e-06
4241 1e-06
4251 1e-06
4261 1e-06
4271 1e-06
4281 2e-06
4291 1e-06
4301 1e-06
4311 1e-06
4321 1e-06
4331 2e-06
4341 2e-06
4351 1e-06
4361 2e-06
4371 1e-06
4381 1e-06
4391 1e-06
4401 2e-06
4411 2e-06
4421 1e-06
4431 1e-06
4441 1e-06
4451 1e-06
4461 1e-06
4471 2e-06
4481 1e-06
4491 2e-06
4501 2e-06
4511 2e-06
4521 1e-06
4531 1e-06
4541 1e-06
4551 2e-06
4561 1e-06
4571 1e-06
4581 1e-06
4591 1e-06
4601 1e-06
4611 2e-06
4621 2e-06
4631 2e-06
4641 2e-06
4651 1e-06
4661 1e-06
4671 1e-06
4681 1e-06
4691 2e-06
4701 1e-06
4711 1e-06
4721 1e-06
4731 1e-06
4741 1e-06
4751 1e-06
4761 1e-06
4771 2e-06
4781 1e-06
4791 1e-06
4801 2e-06
4811 1e-06
4821 1e-06
4831 1e-06
4841 1e-06
4851 1e-06
4861 1e-06
4871 1e-06
4881 1e-06
4891 2e-06
4901 1e-06
4911 1e-06
4921 2e-06
4931 1e-06
4941 2e-06
4951 1e-06
4961 1e-06
4971 1e-06
4981 1e-06
4991 1e-06
5001 1e-06
5011 1e-06
5021 1e-06
5031 1e-06
5041 1e-06
5051 1e-06
5061 1e-06
5071 1e-06
5081 1e-06
5091 1e-06
5101 1e-06
5111 1e-06
5121 1e-06
5131 1e-06
5141 1e-06
5151 1e-06
5161 1e-06
5171 2e-06
5181 1e-06
5191 1e-06
5201 1e-06
5211 1e-06
5221 1e-06
5231 1e-06
5241 1e-06
5251 1e-06
5261 1e-06
5271 1e-06
5281 1e-06
5291 1e-06
5301 1e-06
5311 1e-06
5321 1e-06
5331 2e-06
5341 2e-06
5351 2e-06
5361 2e-06
5371 1e-06
5381 1e-06
5391 1e-06
5401 1e-06
5411 1e-06
5421 1e-06
5431 1e-06
5441 1e-06
5451 1e-06
5461 1e-06
5471 1e-06
5481 1e-06
5491 1e-06
5501 2e-06
5511 1e-06
5521 1e-06
5531 2e-06
5541 1e-06
5551 1e-06
5561 1e-06
5571 2e-06
