1 4e-06
11 1e-06
21 1e-06
31 2e-06
41 1e-06
51 2e-06
61 1e-06
71 2e-06
81 2e-06
91 1e-06
101 1e-06
111 1e-06
121 2e-06
131 1e-06
141 2e-06
151 2e-06
161 2e-06
171 2e-06
181 3e-06
191 2e-06
201 2e-06
211 2e-06
221 3e-06
231 2e-06
241 2e-06
251 1.1e-05
261 2e-06
271 3e-06
281 2e-06
291 2e-06
301 3e-06
311 2e-06
321 3e-06
331 3e-06
341 3e-06
351 3e-06
361 3e-06
371 3e-06
381 3e-06
391 3e-06
401 4e-06
411 4e-06
421 3e-06
431 3e-06
441 4e-06
451 4e-06
461 3e-06
471 3e-06
481 4e-06
491 4e-06
501 3e-06
511 4e-06
521 4e-06
531 4e-06
541 4e-06
551 5e-06
561 4e-06
571 4e-06581 4e-06
591 4e-06
601 4e-06
611 5e-06
621 5e-06
631 4e-06
641 5e-06
651 5e-06
661 5e-06
671 5e-06
681 5e-06
691 5e-06
701 5e-06
711 6e-06
721 5e-06
731 5e-06
741 5e-06
751 5e-06
761 5e-06
771 5e-06
781 5e-06
791 6e-06
801 5e-06
811 5e-06
821 5e-06
831 6e-06
841 6e-06
851 6e-06
861 6e-06
871 7e-06
881 6e-06
891 6e-06
901 6e-06
911 6e-06
921 7e-06
931 6e-06
941 7e-06
951 7e-06
961 7e-06
971 7e-06
981 6e-06
991 6e-06
1001 7e-06
1011 7e-06
1021 6e-06
1031 7e-06
1041 6e-06
1051 6e-06
1061 7e-06
1071 1.3e-05
1081 7e-06
1091 7e-06
1101 7e-06
1111 2e-05
1121 8e-06
1131 8e-06
1141 8e-06
1151 8e-06
1161 7e-06
1171 8e-06
1181 7e-06
1191 7e-06
1201 8e-06
1211 1.3e-05
1221 8e-06
1231 7e-06
1241 8e-06
1251 8e-06
1261 8e-06
1271 8e-06
1281 9e-06
1291 8e-06
1301 8e-06
1311 8e-06
1321 8e-06
1331 8e-06
1341 8e-06
1351 8e-06
1361 9e-06
1371 8e-06
1381 8e-06
1391 8e-06
1401 9e-06
1411 8e-06
1421 9e-06
1431 9e-06
1441 9e-06
1451 9e-06
1461 9e-06
1471 9e-06
1481 9e-06
1491 9e-06
1501 1e-05
1511 1e-05
1521 1e-05
1531 1e-05
1541 1e-05
1551 9e-06
1561 9e-06
1571 1e-05
1581 1e-05
1591 1e-05
1601 1.1e-05
1611 1e-05
1621 1.1e-05
1631 1e-05
1641 1e-05
1651 1.1e-05
1661 1e-05
1671 1.1e-05
1681 1.1e-05
1691 1.1e-05
1701 1.1e-05
1711 1.1e-05
1721 1e-05
1731 1e-05
1741 1e-05
1751 1e-05
1761 9e-06
1771 1e-05
1781 1e-05
1791 1.1e-05
1801 1.1e-05
1811 1.2e-05
1821 1.2e-05
1831 1.2e-05
1841 1.1e-05
1851 1.1e-05
1861 1.1e-05
1871 1.2e-05
1881 1.2e-05
1891 1.2e-05
1901 1.1e-05
1911 1.1e-05
1921 1.2e-05
1931 1.1e-05
1941 1.2e-05
1951 1.2e-05
1961 1.2e-05
1971 1.3e-05
1981 1.3e-05
1991 1.2e-05
2001 1.1e-05
2011 1.2e-05
2021 1.3e-05
2031 1.3e-05
2041 1.3e-05
2051 1.3e-05
2061 1.2e-05
2071 1.2e-05
2081 1.2e-05
2091 1.1e-05
2101 1.2e-05
2111 1.3e-05
2121 1.3e-05
2131 1.3e-05
2141 1.3e-05
2151 1.3e-05
2161 1.4e-05
2171 1.2e-05
2181 1.3e-05
2191 3.6e-05
2201 1.2e-05
2211 1.3e-05
2221 1.3e-05
2231 1.2e-05
2241 1.4e-05
2251 1.3e-05
2261 1.3e-05
2271 1.3e-05
2281 1.3e-05
2291 1.3e-05
2301 1.2e-05
2311 1.3e-05
2321 1.4e-05
2331 1.4e-05
2341 1.4e-05
2351 1.3e-05
2361 1.5e-05
2371 1.5e-05
2381 1.5e-05
2391 1.3e-05
2401 1.4e-05
2411 1.4e-05
2421 1.4e-05
2431 1.4e-05
2441 1.4e-05
2451 1.4e-05
2461 1.5e-05
2471 1.5e-05
2481 1.5e-05
2491 1.5e-05
2501 1.5e-05
2511 1.4e-05
2521 1.5e-05
2531 1.4e-05
2541 1.4e-05
2551 1.5e-05
2561 1.6e-05
2571 1.5e-05
2581 1.5e-05
2591 1.6e-05
2601 1.6e-05
2611 1.5e-05
2621 1.6e-05
2631 1.6e-05
2641 3e-05
2651 1.6e-05
2661 1.5e-05
2671 1.6e-05
2681 1.6e-05
2691 1.6e-05
2701 1.7e-05
2711 1.7e-05
2721 1.7e-05
2731 1.6e-05
2741 1.5e-05
2751 1.5e-05
2761 1.6e-05
2771 1.6e-05
2781 1.7e-05
2791 1.6e-05
2801 1.6e-05
2811 1.7e-05
2821 1.7e-05
2831 1.6e-05
2841 1.7e-05
2851 1.7e-05
2861 1.6e-05
2871 1.6e-05
2881 1.6e-05
2891 1.7e-05
2901 1.6e-05
2911 1.6e-05
2921 1.7e-05
2931 1.6e-05
2941 1.7e-05
2951 1.7e-05
2961 1.7e-05
2971 1.6e-05
2981 1.6e-05
2991 1.7e-05
3001 1.7e-05
3011 1.7e-05
3021 3.6e-05
3031 1.7e-05
3041 1.7e-05
3051 1.7e-05
3061 1.8e-05
3071 1.8e-05
3081 1.9e-05
3091 1.9e-05
3101 1.9e-05
3111 1.9e-05
3121 1.8e-05
3131 1.8e-05
3141 1.8e-05
3151 1.8e-05
3161 1.8e-05
3171 1.8e-05
3181 1.8e-05
3191 1.8e-05
3201 1.9e-05
3211 1.8e-05
3221 1.8e-05
3231 1.8e-05
3241 1.8e-05
3251 1.8e-05
3261 1.8e-05
3271 1.8e-05
3281 1.9e-05
3291 1.8e-05
3301 2e-05
3311 2.1e-05
3321 2e-05
3331 1.9e-05
3341 2e-05
